962 406
723 304
717 75
61 792
106 454
555 94
35 705
931 719
701 817
673 802
44 884
72 550
984 606
582 278
278 701
226 582
786 685
27 495
169 350
513 79
184 888
215 854
170 737
731 71
40 453
84 577
758 338
788 365
310 619
704 919
985 478
774 15
104 979
959 571
553 713
59 203
436 675
774 795
705 967
90 376
256 991
278 251
448 974
84 896
158 59
488 112
321 851
1 742
513 629
560 340
716 313
566 33
751 818
523 638
685 101
978 54
167 134
306 85
990 224
787 872
161 362
939 555
181 94
579 416
694 2
480 19
81 845
905 191
585 634
322 211
305 10
591 448
155 182
300 695
790 507
815 181
836 515
368 93
551 338
27 153
982 425
537 300
954 194
91 713
410 460
165 692
693 569
111 822
182 28
563 173
99 560
961 435
898 26
929 462
744 518
597 655
791 558
607 180
817 212
426 202
826 253
453 665
671 341
387 289
380 607
105 590
170 981
333 11
981 617
620 510
37 396
983 229
972 348
920 85
156 651
672 294
989 196
304 583
721 540
754 549
479 602
243 471
649 916
228 976
330 229
515 758
703 679
524 309
908 602
735 984
793 213
751 437
943 221
238 91
86 353
66 29
966 207
639 278
97 856
600 347
163 860
527 191
947 156
896 558
495 759
761 270
849 461
34 336
770 926
319 923
740 718
363 23
88 443
942 200
471 161
124 831
896 101
561 36
884 781
208 306
322 778
927 614
477 211
941 490
968 788
8 42
255 135
919 818
234 199
524 23
224 92
63 423
667 942
776 306
807 975
752 563
374 363
116 40
195 492
655 734
370 50
721 337
399 184
70 968
67 70
762 942
107 874
17 518
608 922
697 956
583 58
48 536
323 433
32 635
383 995
321 694
414 674
484 719
327 770
46 194
805 604
608 266
373 705
395 394
892 6
840 433
713 932
835 70
3 589
882 708
836 499
433 298
281 899
978 440
118 904
286 969
84 942
157 76
365 944
439 92
670 735
933 219
196 265
802 78
888 342
506 884
445 391
44 890
255 767
262 670
374 485
493 780
938 968
26 183
796 904
970 786
672 199
403 708
929 424
303 60
279 803
462 622
443 177
436 995
467 882
389 434
168 826
200 427
64 313
842 3
31 264
186 852
961 744
928 769
613 429
774 38
812 957
292 542
421 20
329 218
704 881
581 598
881 393
105 155
471 494
408 686
317 166
926 315
982 424
545 797
550 182
18 297
458 207
991 576
346 986
47 841
938 259
624 999
657 778
473 470
644 225
107 551
70 189
473 498
946 727
923 507
40 690
220 37
329 658
274 771
83 684
693 264
845 449
979 653
206 815
849 426
268 877
511 844
637 985
795 112
816 481
405 949
402 900
603 891
308 788
455 339
401 614
255 441
296 391
608 752
166 200
662 998
957 861
541 790
954 654
805 439
911 559
703 78
674 731
864 221
789 165
545 234
216 458
324 766
913 369
850 354
421 554
948 254
103 557
374 151
719 817
94 279
390 227
405 38
602 187
826 497
916 114
635 854
958 389
561 834
680 111
970 573
33 115
428 742
748 195
162 878
415 845
722 485
896 213
790 257
201 585
810 353
533 817
120 187
672 194
917 711
482 119
919 745
590 726
212 716
320 74
444 236
985 647
616 300
574 475
135 351
806 404
532 626
265 449
783 871
752 555
291 493
51 838
430 303
500 779
361 972
68 281
156 292
563 922
850 755
246 159
323 205
187 640
132 8
722 531
202 535
398 364
818 917
732 650
995 135
717 464
590 351
605 203
979 74
43 954
659 576
203 504
951 10
831 635
470 926
290 134
83 199
231 641
36 750
857 911
460 782
575 527
908 193
534 370
121 808
171 719
552 48
770 713
397 629
165 710
206 749
989 655
761 902
6 82
195 141
10 311
491 75
729 111
202 927
368 727
797 636
857 896
4 394
730 90
833 542
142 489
988 785
631 588
631 521
158 943
160 328
753 199
961 532
795 195
479 689
731 823
327 911
875 781
522 612
901 99
259 181
7 880
957 63
10 27
784 926
133 233
989 928
669 71
542 776
632 336
71 154
178 862
267 62
985 412
535 288
898 664
240 232
704 104
441 659
379 101
347 398
379 467
534 330
285 796
933 436
801 292
725 732
378 387
812 166
342 182
38 170
475 847
913 967
239 211
165 980
148 492
218 608
531 41
845 101
163 158
310 465
954 350
953 297
458 540
253 760
478 543
545 100
513 497
803 247
713 820
888 165
808 472
797 85
153 391
364 326
976 883
596 877
903 342
732 507
202 557
133 83
206 646
283 356
496 504
332 726
628 391
55 593
798 818
87 612
585 539
85 175
446 751
400 77
541 853
759 680
736 298
764 438
993 64
249 398
669 710
102 154
902 260
828 323
539 475
515 590
249 142
870 799
626 306
58 407
449 713
881 410
869 748
140 532
84 993
951 695
449 351
237 213
832 797
969 480
99 108
881 717
645 905
157 985
197 931
643 16
498 365
133 141
543 702
201 414
971 226
837 273
349 463
273 621
803 651
70 266
872 641
142 52
250 531
318 777
436 503
162 950
725 387
461 975
704 658
80 513
13 135
747 80
511 440
713 399
903 349
189 162
769 327
323 569
415 727
78 847
198 760
918 171
208 89
364 29
474 695
184 108
70 6
818 740
439 516
760 574
865 780
807 715
122 961
522 852
657 639
439 864
903 720
847 196
909 717
260 806
227 141
180 259
912 260
694 709
128 304
148 579
904 263
208 48
246 243
28 723
485 893
503 205
35 192
242 240
883 32
925 236
744 181
948 277
707 363
324 632
941 203
675 895
807 581
245 826
970 377
994 280
156 268
408 29
436 770
131 959
392 430
867 348
504 287
30 153
616 42
164 368
566 915
159 723
778 104
165 788
916 104
370 868
855 820
929 52
929 239
92 479
399 464
10 145
147 30
613 614
253 174
287 614
210 400
966 635
881 980
174 868
953 717
988 907
935 458
758 60
417 637
266 674
482 309
498 745
276 332
238 256
122 172
594 946
567 789
1 575
286 584
990 287
776 475
450 677
773 110
94 565
525 269
871 572
984 3
639 402
763 658
578 483
370 291
60 400
171 495
896 193
439 889
533 649
852 99
778 107
602 994
887 996
395 803
298 147
425 451
704 628
920 732
760 865
637 615
195 24
393 481
541 829
30 29
609 967
474 498
816 252
532 932
358 924
39 922
625 898
403 656
806 430
861 673
768 190
190 590
324 732
443 560
176 764
284 969
68 853
317 191
540 837
100 448
867 694
587 40
58 370
751 560
500 758
244 484
231 956
755 959
22 847
54 317
398 571
645 729
505 437
221 75
250 794
17 26
26 820
809 922
815 877
1 119
2 278
704 4
754 876
224 775
346 308
347 131
9 141
882 117
353 431
206 647
207 779
139 975
132 698
416 95
776 193
105 416
960 439
41 397
725 736
98 69
917 383
747 433
160 337
265 499
770 738
359 968
679 704
225 906
92 661
570 137
7 687
914 883
789 7
791 639
558 987
328 900
224 483
526 556
31 569
797 768
642 785
357 335
44 951
432 308
362 809
135 812
933 686
877 491
337 195
878 811
45 707
234 509
890 833
354 100
469 853
136 409
39 23
530 329
900 730
17 505
673 711
546 713
274 901
467 374
619 364
786 489
825 626
948 530
366 315
568 95
703 437
298 514
190 641
23 178
725 376
909 424
630 283
380 428
676 784
725 467
63 554
808 662
903 103
478 785
134 255
994 898
121 387
943 232
625 985
344 336
184 746
994 287
830 987
824 649
365 992
699 613
57 630
809 955
76 811
187 524
29 111
899 342
608 338
294 528
888 464
461 366
195 364
714 127
191 239
13 302
840 152
97 546
865 320
197 131
613 991
636 27
891 57
835 524
773 378
880 158
457 838
448 505
39 853
941 220
949 823
931 757
356 250
323 451
95 161
341 584
879 408
56 401
398 474
958 98
233 395
62 862
750 186
58 918
54 40
170 143
833 840
159 633
489 370
518 98
729 828
394 589
254 47
105 180
759 843
859 651
127 236
248 997
615 591
942 183
872 350
229 716
327 106
717 847
179 540
30 305
676 816
337 615
576 476
460 945
450 424
280 202
934 407
247 37
503 649
499 479
888 330
705 996
43 100
814 317
887 50
953 393
449 17
790 379
911 509
719 217
684 283
579 912
915 671
538 743
717 335
122 474
453 250
300 474
561 744
758 784
87 24
396 515
117 162
861 903
863 588
118 743
60 238
238 69
804 132
77 785
824 135
569 491
544 381
758 209
958 381
246 781
74 14
177 549
860 608
908 235
260 729
463 985
278 851
377 989
626 616
973 862
216 778
263 658
129 984
244 249
958 99
518 815
525 325
723 729
191 149
811 833
758 916
765 318
227 129
433 210
978 471
751 673
267 679
306 447
901 244
991 405
641 417
316 228
753 143
594 805
14 566
317 499
309 224
474 564
890 164
421 355
682 379
257 181
261 77
153 376
190 73
161 467
522 124
718 383
387 868
328 615
879 534
98 809
367 247
757 26
67 877
173 406
289 238
551 267
965 492
810 803
148 383
660 351
820 950
351 827
999 636
282 272
250 578
713 95
295 130
389 341
425 883
325 693
950 733
535 713
968 357
381 974
225 569
640 710
209 33
394 597
368 579
462 819
846 40
538 236
881 280
242 684
565 180
431 949
473 204
557 552
722 634
76 444
295 194
916 486
771 663
562 11
224 616
579 787
944 6
828 774
764 508
797 442
178 753
531 958
305 730
545 588
673 412
595 258
627 58
158 433
154 482
337 938
649 572
624 520
3 327
976 59
294 509
684 148
632 417
765 89
636 176
490 800
96 152
372 974
234 886
204 852
363 976
98 29
965 236
167 808
933 302
291 130
153 479
470 205
162 49
867 906
961 765
737 936
583 182
601 403
985 414
554 45
519 10
178 661
448 119
19 732
53 277
601 129
834 646
714 524
263 893
459 948
561 437
411 66
142 141
351 216
763 647
512 48
208 144
466 454
949 48
175 14
568 658
630 118
566 408
969 824
369 350
96 26
368 308
394 208
604 250
624 224
97 464
62 925
749 977
830 741
335 195
839 538
325 266
243 895
699 398
362 893
218 768
540 388
836 208
829 808
146 671
553 851
121 539
166 259
305 777
73 771
623 931
624 393
623 596
929 371
288 255
498 357
865 638
41 702
481 104
241 462
931 155
740 343
924 312
936 953
788 518
927 513
835 820
423 76
302 307
901 527
201 334
803 781
285 882
904 28
241 984
970 63
19 640
533 353
163 822
639 698
940 514
693 537
758 920
794 103
261 733
762 377
240 221
43 210
108 909
841 983
959 1000
430 525
504 499
611 707
627 338
476 78
837 889
90 103
286 784
245 861
425 83
658 670
70 952
462 233
708 281
902 416
228 81
288 396
640 862
647 789
874 335
773 340
348 436
372 957
940 342
257 307
800 305
13 226
416 639
300 539
399 560
462 373
377 267
529 941
443 455
782 343
121 223
276 393
936 903
543 225
231 143
372 147
534 685
855 286
984 201
476 494
248 736
18 909
642 864
903 404
753 137
375 461
954 484
696 336
165 913
193 258
925 423
251 805
702 485
768 749
623 298
692 5
90 314
741 322
677 470
634 473
712 99
501 615
787 314
799 226
334 129
668 675
402 300
849 808
936 188
838 947
211 224
770 611
482 372
56 862
760 730
903 46
633 133
584 164
901 92
265 749
395 946
627 895
843 743
468 267
49 274
964 212
965 301
392 245
824 406
158 959
196 505
966 336
804 875
567 496
419 275
895 477
217 489
52 89
707 433
936 872
794 910
73 579
859 664
440 208
243 8
415 313
277 369
389 439
390 494
988 223
762 37
643 981
206 919
481 770
631 657
876 281
7 404
412 743
202 739
21 612
26 805
661 447
590 158
438 460
821 802
683 925
839 574
765 719
776 306
96 775
655 191
206 905
869 330
803 259
577 262
666 810
194 605
619 190
562 468
532 728
450 801
874 650
142 433
263 718
683 646
70 795
659 968
140 460
710 184
374 20
680 966
138 898
326 434
617 186
137 134
701 192
128 390
983 50
842 416
5 99
53 812
225 540
851 371
461 59
249 755
486 690
840 849
751 522
926 470
600 881
569 1
984 65
133 796
82 269
995 732
931 625
363 878
448 882
369 191
400 736
279 63
216 574
650 291
842 587
19 410
795 152
987 547
414 763
271 484
56 221
320 183
264 256
409 294
684 726
991 49
279 223
524 137
124 913
405 7
482 714
674 262
829 292
574 966
650 423
128 139
998 880
789 720
873 398
351 571
16 23
476 83
116 33
753 856
109 379
868 77
61 192
762 246
526 92
74 682
109 188
150 701
646 246
525 373
792 985
59 984
193 133
637 496
952 1000
533 560
469 858
660 393
379 368
257 815
641 819
97 60
852 668
431 700
908 231
862 456
601 488
60 592
196 389
749 694
213 129
856 836
33 689
478 112
692 228
88 452
300 232
537 701
875 471
911 521
458 989
183 745
925 474
430 452
171 11
691 720
232 799
965 802
214 478
964 883
492 37
766 317
926 619
528 699
648 507
806 193
365 594
626 578
880 505
992 269
244 855
964 489
330 697
141 207
736 611
328 800
149 132
36 336
663 193
897 739
503 637
307 827
806 753
281 9
719 822
959 356
86 507
227 49
194 841
597 138
653 442
475 895
546 809
263 659
980 174
862 650
223 10
253 267
279 709
376 769
309 45
534 545
741 591
21 309
679 580
848 512
274 746
170 619
28 118
969 467
825 696
313 520
184 271
317 823
944 821
823 599
835 819
230 437
7 869
295 633
142 84
307 395
233 713
866 647
196 777
6 790
495 281
829 766
986 750
326 750
388 155
648 224
322 567
656 749
263 494
282 727
709 69
47 854
54 505
283 229
183 496
871 509
64 749
146 942
183 792
413 42
165 132
455 463
917 59
513 274
237 618
652 924
796 562
839 867
967 732
324 776
214 893
876 72
556 762
450 701
729 445
997 838
63 145
89 873
953 39
824 650
45 449
16 56
793 326
907 526
835 306
776 384
311 407
643 467
615 990
27 476
321 465
69 654
118 22
61 161
510 858
713 777
121 562
453 64
685 376
777 647
894 447
874 743
291 182
462 914
272 843
734 515
770 354
49 704
406 67
786 182
207 810
737 603
572 37
820 382
112 415
987 936
702 891
225 19
169 875
677 200
85 404
791 394
853 262
395 62
348 700
156 20
277 130
660 862
541 981
509 608
281 379
560 269
63 670
206 330
939 847
362 724
773 426
398 504
932 131
781 753
148 322
603 641
52 165
191 692
516 207
360 976
56 106
666 231
948 503
290 53
915 296
683 628
796 919
481 353
184 957
56 398
285 209
828 248
177 706
856 949
162 623
875 933
660 388
723 784
99 920
935 30
569 89
9 225
888 520
511 327
457 529
337 143
143 412
389 421
269 198
985 174
168 286
782 252
825 925
524 767
385 718
129 475
782 539
494 853
964 622
49 312
881 979
221 917
335 372
615 715
72 646
66 578
574 926
61 844
413 749
229 557
112 422
694 205
956 355
681 653
213 916
189 479
550 178
15 36
569 131
399 91
555 216
945 969
133 238
164 249
25 629
727 146
301 387
725 514
977 191
962 154
967 632
48 208
545 909
294 147
187 599
155 725
598 586
345 554
796 556
343 82
109 74
160 926
169 89
201 908
471 535
346 325
955 852
500 93
68 843
490 653
719 57
768 682
927 102
563 552
123 534
55 924
806 888
578 966
702 412
670 13
561 953
628 357
625 416
15 911
943 590
957 634
549 621
163 591
225 85
449 175
75 573
693 412
258 896
149 416
590 773
968 9
489 729
948 811
457 32
69 862
236 767
818 617
566 56
80 741
655 884
360 827
841 978
219 439
392 378
832 526
792 479
991 426
224 867
241 564
294 682
736 71
81 599
110 75
182 690
730 79
241 428
521 176
780 862
758 814
629 924
592 558
23 101
576 302
112 406
203 64
230 599
958 952
153 653
507 31
33 990
115 781
42 945
981 324
782 646
302 534
124 756
748 324
860 554
155 169
216 726
808 532
587 889
850 405
231 16
226 13
191 694
744 591
944 106
876 442
831 838
791 4
466 294
183 763
731 10
483 592
929 455
358 125
870 927
3 888
646 354
374 759
130 254
548 708
916 494
319 673
656 178
20 517
72 188
815 391
657 899
786 952
297 493
304 963
737 111
459 199
791 614
368 412
882 65
888 596
261 988
548 636
187 898
86 771
73 599
551 942
208 852
845 684
650 768
156 452
67 350
140 253
725 648
750 853
354 933
485 936
940 988
704 566
733 980
780 396
313 543
234 287
449 668
114 165
989 669
855 286
973 593
173 23
911 719
343 271
266 23
96 324
190 476
900 880
593 759
164 601
531 292
180 298
224 40
235 407
364 272
40 545
128 490
402 386
654 403
986 285
122 746
853 748
824 701
898 454
654 76
597 362
42 70
207 392
8 334
323 618
255 611
564 928
69 217
111 794
742 946
796 494
383 434
865 59
681 440
811 774
371 733
465 595
51 662
524 504
527 625
293 440
424 934
179 758
41 937
126 880
714 298
470 90
963 19
684 441
831 52
501 520
632 133
748 244
917 410
190 332
586 589
333 443
377 636
595 625
82 457
814 676
156 766
574 439
959 58
8 54
878 198
203 239
515 55
565 677
111 109
793 921
803 613
945 430
893 538
819 740
731 454
392 859
804 838
895 211
364 158
480 315
72 275
83 326
901 125
221 534
64 221
218 517
303 546
565 610
772 681
488 262
789 308
220 306
691 407
946 138
872 649
345 160
68 649
435 718
642 531
227 473
733 332
885 741
722 998
535 301
278 138
458 479
297 154
696 607
757 692
300 753
773 100
565 143
211 172
198 912
637 497
990 183
381 196
861 849
187 633
669 985
317 946
683 50
154 49
466 428
876 658
549 130
270 844
286 502
432 461
256 416
344 538
428 21
557 413
352 430
116 323
823 678
618 155
963 977
645 111
576 402
507 577
94 327
609 277
249 953
23 992
193 927
764 772
576 824
985 55
144 497
289 37
490 655
735 91
530 420
29 977
463 337
889 245
242 255
571 316
787 802
451 476
94 600
62 457
251 657
559 440
252 160
319 816
54 197
152 671
804 16
684 951
542 729
605 281
573 243
798 116
688 488
375 292
869 719
100 653
573 511
579 449
386 281
949 232
248 926
783 778
296 663
987 170
578 734
314 185
443 83
410 251
570 961
678 401
504 211
766 374
49 224
730 231
575 561
388 10
750 629
560 504
333 910
656 291
373 755
600 28
984 550
175 866
241 984
302 595
563 741
479 214
190 187
400 757
541 3
224 564
867 277
491 292
152 203
723 648
366 840
253 713
222 935
100 697
805 289
434 75
894 296
659 650
311 486
741 357
872 295
312 72
514 552
586 946
260 638
388 814
758 103
117 328
797 647
152 659
786 984
937 576
853 645
302 4
423 676
583 182
495 734
126 428
821 186
397 131
869 677
476 654
374 482
618 888
977 34
670 764
617 712
527 127
560 799
380 430
311 319
341 623
605 825
722 357
933 675
404 953
984 357
276 256
185 63
108 95
954 76
853 578
846 546
1000 135
119 953
352 74
294 86
519 479
237 341
408 504
78 216
941 196
299 237
942 520
776 124
96 530
24 836
732 662
474 85
993 51
141 812
890 603
756 751
277 592
66 746
512 142
152 248
640 253
934 62
571 502
752 384
83 539
398 252
369 715
643 752
696 737
598 271
247 858
68 692
569 755
960 702
496 895
679 274
341 507
867 420
678 729
756 677
682 262
621 797
754 97
823 736
701 61
45 287
110 57
286 74
694 87
434 425
647 371
661 15
351 762
88 257
346 975
599 645
784 297
63 219
590 379
149 628
671 847
214 502
555 644
962 962
574 877
430 244
711 198
900 405
403 721
557 156
806 390
45 414
724 502
756 587
884 900
829 401
432 452
760 581
67 900
416 252
8 759
215 220
243 422
550 768
15 252
659 588
330 103
357 846
129 536
833 699
463 216
70 811
193 141
308 158
465 554
64 763
742 491
326 17
999 835
61 632
831 416
605 338
253 595
840 744
283 411
216 237
325 195
698 684
871 77
945 606
982 348
693 522
961 931
901 732
895 713
574 487
611 600
694 720
428 779
880 349
531 920
333 995
144 816
644 919
289 787
942 252
153 952
797 299
727 59
401 796
778 870
752 163
975 453
86 597
410 867
84 313
805 503
321 226
79 37
16 588
569 413
145 93
327 385
219 95
200 36
456 923
134 352
130 864
994 104
13 844
284 28
826 668
759 205
243 884
766 476
376 828
238 277
850 88
947 166
403 954
998 868
804 792
783 31
942 990
696 583
168 52
789 485
541 940
271 437
406 345
798 621
95 938
615 15
890 994
625 870
553 957
167 640
642 489
430 448
485 248
885 221
456 722
510 544
522 997
773 468
468 715
357 605
624 932
962 855
874 862
174 896
586 87
349 57
169 808
139 197
571 835
158 397
501 853
433 868
463 512
900 576
779 52
915 202
104 911
345 750
664 543
78 318
901 280
144 517
736 53
780 855
877 693
900 954
811 323
707 679
501 848
567 1000
622 539
562 510
587 228
702 672
155 389
605 584
846 330
907 703
17 154
927 692
958 723
343 21
970 178
882 259
654 696
601 933
468 435
802 334
673 674
410 442
454 646
799 904
879 301
681 1
236 803
360 648
44 7
767 932
191 463
166 853
994 286
168 76
637 49
937 958
872 337
222 297
296 316
173 590
175 931
179 66
515 983
751 221
144 546
740 444
69 970
648 503
642 926
924 124
713 922
541 974
650 444
420 970
491 478
422 620
636 924
307 337
214 327
885 658
645 452
672 999
615 147
319 389
881 287
132 391
455 141
824 132
252 527
525 156
216 29
398 769
417 746
143 420
862 732
387 321
734 326
901 960
200 444
277 129
207 519
413 635
130 792
715 797
378 836
939 63
828 194
694 6
984 497
319 458
812 955
607 214
599 171
7 892
371 497
274 313
651 234
10 907
79 39
971 292
358 797
491 323
860 260
864 758
679 779
331 764
317 687
214 468
290 87
813 335
690 829
717 162
206 184
107 866
184 277
1000 928
982 17
125 443
699 10
451 465
221 252
113 51
486 649
563 92
380 138
479 125
153 901
377 970
470 165
470 601
403 617
281 145
17 958
763 883
864 917
825 616
350 653
364 312
399 50
314 226
665 926
963 975
730 995
485 792
599 659
457 395
183 289
787 639
198 227
804 789
274 846
